12
10
976
11
976
1000
982
0
0
3
990
10
9
0
18
19
1
0
0
982
994
976
9
18
983
0
9
22
990
14
976
1
984
976
9
6
0
0
0
0
0
976
1
18
0
990
0
0
990
10
18
996
976
0
14
0
991
4
982
7
0
6
1
0
0
9
17
0
10
0
14
0
4
0
18
0
0
0
6
17
6
989
10
4
979
0
9
0
0
0
0
22
0
0
1000
22
9
0
5
22
5
6
9
1000
9
983
1
984
4
993
994
970
2
991
15
985
9
7
3
1000
14
265
1
6
11
6
14
977
24
1
984
31
999
18
0
10
976
973
2
994
996
11
0
0
6
5
0
1
9
0
167
10
10
0
9
6
8
0
976
984
0
13
1
1000
10
1000
0
986
0
9
983
0
10
10
1000
8
14
4
0
11
993
997
1
0
1
2
7
1000
976
24
10
0
0
4
13
0
0
980
1
1000
0
0
16
984
18
0
22
12
5
13
0
10
7
18
979
1
8
0
0
24
0
4
19
15
0
18
11
2
5
2
13
0
3
3
1
0
0
0
7
973
8
0
17
8
22
24
0
10
0
990
0
3
976
990
8
5
9
11
13
0
982
10
990
8
999
937
16
15
10
24
9
0
993
12
21
10
991
10
0
0
0
10
14
0
9
7
1
1
0
15
6
0
7
990
10
0
8
4
0
1000
990
0
4
2
995
984
14
10
988
4
0
0
18
0
9
3
18
0
10
985
24
19
1000
18
10
7
9
10
0
0
7
0
0
0
994
1
9
990
11
1000
994
979
9
0
8
19
22
984
12
2
0
979
0
10
10
1000
7
3
1
20
994
18
979
6
0
0
0
6
1000
0
0
19
14
3
1
982
994
1000
0
17
23
19
3
22
976
6
10
12
13
21
1000
21
815
19
22
0
10
0
11
10
973
9
979
14
1000
17
12
3
976
14
1
3
1000
1
24
18
0
8
10
0
1000
11
0
0
7
8
0
12
346
17
8
8
0
994
0
18
0
0
976
10
982
14
0
15
13
3
3
1
0
13
983
1
21
24
6
5
3
0
7
994
982
9
986
981
0
990
9
986
0
978
994
982
2
0
18
10
1
13
0
18
0
0
14
0
9
8
18
1000
7
4
422
0
1
1
9
16
9
3
18
993
6
4
0
14
0
9
0
7
1000
970
1000
10
19
6
2
982
976
4
999
3
18
0
16
18
997
15
1000
14
24
2
12
0
993
1
10
9
6
17
10
1000
0
24
1000
999
7
5
5
990
990
0
0
4
10
982
1000
2
0
976
994
19
972
9
15
990
0
3
1000
1000
10
0
9
0
1
17
12
523
10
9
4
165
0
0
10
0
0
24
0
8
4
18
24
0
982
6
0
992
11
976
9
990
970
984
5
0
3
24
10
7
1000
9
2
0
0
985
1000
0
14
12
0
10
6
1
3
0
979
18
3
13
15
0
9
14
990
8
10
5
4
17
0
976
0
986
6
975
0
0
19
0
990
18
6
10
14
994
0
10
0
22
0
0
1000
990
1
976
10
993
10
0
15
0
14
1
982
986
0
0
10
5
0
3
990
2
979
13
0
0
6
0
0
0
6
976
0
3
10
10
12
985
6
994
10
10
12
10
978
10
16
0
994
10
6
23
0
24
9
9
976
980
990
3
976
994
0
976
22
0
18
8
1000
8
0
18
9
988
17
18
8
10
18
22
994
7
9
10
0
1
983
0
2
18
0
0
0
15
9
981
983
0
7
5
470
21
11
6
11
9
8
0
24
10
979
982
10
0
997
1
984
18
10
0
990
14
21
0
10
17
1
14
6
4
0
13
8
1
18
10
6
14
7
0
24
7
0
8
12
0
24
19
1
9
6
4
978
0
4
2
1
10
7
14
994
14
976
10
18
18
10
982
983
986
0
0
0
24
16
0
18
11
1000
14
979
0
0
947
18
990
0
0
1
17
994
0
0
0
991
15
6
0
994
14
18
9
1
0
6
18
9
0
3
754
0
6
10
18
992
10
0
17
10
992
2
0
982
16
976
24
0
970
0
0
10
0
15
5
5
0
0
970
10
6
10
0
0
0
17
543
7
975
5
14
6
11
0
0
18
994
3
0
9
10
18
15
6
7
6
7
19
18
24
990
1
12
1000
14
994
971
6
8
986
2
970
0
18
10
9
984
14
982
10
7
3
4
979
1000
0
0
10
11
0
979
0
982
0
18
976
1
18
10
976
4
0
3
9
9
0
22
24
14
24
6
0
0
0
18
8
996
0
10
24
24
0
18
10
18
6
982
990
1
24
4
